{"producer":{"name":"Blender","version":"2.92.0","exporter_version":"2.80.1","file":"untitled.babylon"},
"autoClear":true,"clearColor":[0.0509,0.0509,0.0509],"gravity":[0,-9.81,0],
"materials":[{"name":"Material #1","id":"Material #1","customType":"BABYLON.PBRMaterial","backFaceCulling":true,"checkReadyOnlyOnce":false,"maxSimultaneousLights":4,"environmentIntensity":1,"reflectivity":[0.5,0.5,0.5],"roughness":0,"alpha":1,"transparencyMode":0,"alphaCutOff":0.4,"metallic":0, 
"albedoTexture":{"name":"Image_0.jpg","level":1,"hasAlpha":false,"coordinatesMode":0,"uOffset":0,"vOffset":0,"uScale":1,"vScale":1,"uAng":0,"vAng":0,"wAng":0,"wrapU":1,"wrapV":1,"coordinatesIndex":0},"useAlphaFromAlbedoTexture":false}],
"multiMaterials":[],
"skeletons":[{"name":"skeleton #0","id":0,"dimensionsAtRest":[0,20.8378,8.2424],"bones":[
{"name":"dummy_base_fuchs390_portal_anim1","index":0,"matrix":[0,0,-1,0,0,1,0,0,-1,0,0,0,0,0,0,1],"rest":[0,0,-1,0,0,1,0,0,-1,0,0,0,0,0,0.0003,1],"parentBoneIndex":-1,"length":5.1815
,"animation":{"dataType":3,"framePerSecond":24,"keys":[
{"frame":0,"values":[0,0,-1,0,0,1,0,0,-1,0,0,0,0,0,0,1]},
{"frame":160,"values":[0,0,-1,0,0,1,0,0,-1,0,0,0,0,0,0,1]}],"loopBehavior":1,"name":"anim","property":"_matrix"}},
{"name":"Bone001","index":1,"matrix":[1,0,0,0,0,1,0,0,0,0,1,0,0.0003,5.1816,0,1],"rest":[1,0,0,0,0,1,0,0,0,0,1,0,0.0003,5.1816,0,1],"parentBoneIndex":0,"length":1.4968
,"animation":{"dataType":3,"framePerSecond":24,"keys":[
{"frame":0,"values":[1,0,0,0,0,1,0,0,0,0,1,0,0.0003,5.1816,0,1]},
{"frame":160,"values":[1,0,0,0,0,1,0,0,0,0,1,0,0.0003,5.1816,0,1]}],"loopBehavior":1,"name":"anim","property":"_matrix"}},
{"name":"Bone002","index":2,"matrix":[0.9996,0.0042,-0.0292,0,-0.0042,1,0,0,0.0292,0.0001,0.9996,0,0,1.4968,0,1],"rest":[1,0.0042,0,0,-0.0042,1,0,0,0,0,1,0,0,1.4968,0,1],"parentBoneIndex":1,"length":2.2852
,"animation":{"dataType":3,"framePerSecond":24,"keys":[
{"frame":0,"values":[1,0.0042,0,0,-0.0042,1,0,0,0,0,1,0,0,1.4968,0,1]},
{"frame":1,"values":[0.9996,0.0042,-0.0292,0,-0.0042,1,0,0,0.0292,0.0001,0.9996,0,0,1.4968,0,1]},
{"frame":2,"values":[0.9983,0.0042,-0.0583,0,-0.0042,1,0,0,0.0583,0.0002,0.9983,0,0,1.4968,0,1]},
{"frame":3,"values":[0.9962,0.0042,-0.0875,0,-0.0042,1,0,0,0.0875,0.0004,0.9962,0,0,1.4968,0,1]},
{"frame":4,"values":[0.9932,0.0041,-0.1165,0,-0.0042,1,0,0,0.1165,0.0005,0.9932,0,0,1.4968,0,1]},
{"frame":5,"values":[0.9894,0.0041,-0.1454,0,-0.0042,1,0,0,0.1454,0.0006,0.9894,0,0,1.4968,0,1]},
{"frame":6,"values":[0.9847,0.0041,-0.1742,0,-0.0042,1,0,0,0.1742,0.0007,0.9847,0,0,1.4968,0,1]},
{"frame":7,"values":[0.9792,0.0041,-0.2029,0,-0.0042,1,0,0,0.2029,0.0008,0.9792,0,0,1.4968,0,1]},
{"frame":8,"values":[0.9729,0.0041,-0.2314,0,-0.0042,1,0,0,0.2314,0.001,0.9729,0,0,1.4968,0,1]},
{"frame":9,"values":[0.9657,0.004,-0.2597,0,-0.0042,1,0,0,0.2597,0.0011,0.9657,0,0,1.4968,0,1]},
{"frame":10,"values":[0.9577,0.004,-0.2878,0,-0.0042,1,0,0,0.2878,0.0012,0.9577,0,0,1.4968,0,1]},
{"frame":11,"values":[0.9489,0.004,-0.3156,0,-0.0042,1,0,0,0.3156,0.0013,0.9489,0,0,1.4968,0,1]},
{"frame":12,"values":[0.9393,0.0039,-0.3432,0,-0.0042,1,0,0,0.3432,0.0014,0.9393,0,0,1.4968,0,1]},
{"frame":13,"values":[0.9289,0.0039,-0.3704,0,-0.0042,1,0,0,0.3704,0.0015,0.9289,0,0,1.4968,0,1]},
{"frame":14,"values":[0.9176,0.0038,-0.3974,0,-0.0042,1,0,0,0.3974,0.0017,0.9177,0,0,1.4968,0,1]},
{"frame":15,"values":[0.9057,0.0038,-0.424,0,-0.0042,1,0,0,0.424,0.0018,0.9057,0,0,1.4968,0,1]},
{"frame":16,"values":[0.8929,0.0037,-0.4502,0,-0.0042,1,0,0,0.4502,0.0019,0.8929,0,0,1.4968,0,1]},
{"frame":17,"values":[0.8929,0.0037,-0.4503,0,-0.0042,1,0,0,0.4502,0.0019,0.8929,0,0,1.4968,0,1]},
{"frame":18,"values":[0.8929,0.0037,-0.4503,0,-0.0042,1,0,0,0.4503,0.0019,0.8929,0,0,1.4968,0,1]},
{"frame":25,"values":[0.8928,0.0037,-0.4503,0,-0.0042,1,0,0,0.4503,0.0019,0.8929,0,0,1.4968,0,1]},
{"frame":26,"values":[0.8928,0.0037,-0.4504,0,-0.0042,1,0,0,0.4503,0.0019,0.8929,0,0,1.4968,0,1]},
{"frame":27,"values":[0.8928,0.0037,-0.4504,0,-0.0042,1,0,0,0.4504,0.0019,0.8928,0,0,1.4968,0,1]},
{"frame":28,"values":[0.8927,0.0037,-0.4505,0,-0.0042,1,0,0,0.4505,0.0019,0.8928,0,0,1.4968,0,1]},
{"frame":29,"values":[0.8927,0.0037,-0.4507,0,-0.0042,1,0,0,0.4506,0.0019,0.8927,0,0,1.4968,0,1]},
{"frame":30,"values":[0.8926,0.0037,-0.4508,0,-0.0042,1,0,0,0.4508,0.0019,0.8926,0,0,1.4968,0,1]},
{"frame":31,"values":[0.8926,0.0037,-0.4509,0,-0.0042,1,0,0,0.4509,0.0019,0.8926,0,0,1.4968,0,1]},
{"frame":32,"values":[0.8925,0.0037,-0.451,0,-0.0042,1,0,0,0.451,0.0019,0.8925,0,0,1.4968,0,1]},
{"frame":33,"values":[0.8925,0.0037,-0.4511,0,-0.0042,1,0,0,0.4511,0.0019,0.8925,0,0,1.4968,0,1]},
{"frame":34,"values":[0.8924,0.0037,-0.4512,0,-0.0042,1,0,0,0.4512,0.0019,0.8924,0,0,1.4968,0,1]},
{"frame":35,"values":[0.8923,0.0037,-0.4513,0,-0.0042,1,0,0,0.4513,0.0019,0.8924,0,0,1.4968,0,1]},
{"frame":36,"values":[0.8919,0.0037,-0.4523,0,-0.0042,1,0,0,0.4523,0.0019,0.8919,0,0,1.4968,0,1]},
{"frame":37,"values":[0.8913,0.0037,-0.4534,0,-0.0042,1,0,0,0.4534,0.0019,0.8913,0,0,1.4968,0,1]},
{"frame":38,"values":[0.8907,0.0037,-0.4545,0,-0.0042,1,0,0,0.4545,0.0019,0.8907,0,0,1.4968,0,1]},
{"frame":39,"values":[0.8901,0.0037,-0.4557,0,-0.0042,1,0,0,0.4557,0.0019,0.8902,0,0,1.4968,0,1]},
{"frame":40,"values":[0.8896,0.0037,-0.4568,0,-0.0042,1,0,0,0.4568,0.0019,0.8896,0,0,1.4968,0,1]},
{"frame":41,"values":[0.889,0.0037,-0.4579,0,-0.0042,1,0,0,0.4579,0.0019,0.889,0,0,1.4968,0,1]},
{"frame":42,"values":[0.8884,0.0037,-0.459,0,-0.0042,1,0,0,0.459,0.0019,0.8884,0,0,1.4968,0,1]},
{"frame":43,"values":[0.8879,0.0037,-0.4601,0,-0.0042,1,0,0,0.4601,0.0019,0.8879,0,0,1.4968,0,1]},
{"frame":44,"values":[0.8873,0.0037,-0.4612,0,-0.0042,1,0,0,0.4612,0.0019,0.8873,0,0,1.4968,0,1]},
{"frame":45,"values":[0.8867,0.0037,-0.4623,0,-0.0042,1,0,0,0.4623,0.0019,0.8867,0,0,1.4968,0,1]},
{"frame":46,"values":[0.8864,0.0037,-0.4629,0,-0.0042,1,0,0,0.4629,0.0019,0.8864,0,0,1.4968,0,1]},
{"frame":47,"values":[0.8863,0.0037,-0.463,0,-0.0042,1,0,0,0.463,0.0019,0.8864,0,0,1.4968,0,1]},
{"frame":48,"values":[0.8863,0.0037,-0.4631,0,-0.0042,1,0,0,0.4631,0.0019,0.8863,0,0,1.4968,0,1]},
{"frame":50,"values":[0.8863,0.0037,-0.4632,0,-0.0042,1,0,0,0.4632,0.0019,0.8863,0,0,1.4968,0,1]},
{"frame":51,"values":[0.8862,0.0037,-0.4633,0,-0.0042,1,0,0,0.4632,0.0019,0.8862,0,0,1.4968,0,1]},
{"frame":52,"values":[0.8862,0.0037,-0.4633,0,-0.0042,1,0,0,0.4633,0.0019,0.8862,0,0,1.4968,0,1]},
{"frame":53,"values":[0.8862,0.0037,-0.4634,0,-0.0042,1,0,0,0.4634,0.0019,0.8862,0,0,1.4968,0,1]},
{"frame":54,"values":[0.8861,0.0037,-0.4634,0,-0.0042,1,0,0,0.4634,0.0019,0.8861,0,0,1.4968,0,1]},
{"frame":55,"values":[0.8861,0.0037,-0.4635,0,-0.0042,1,0,0,0.4635,0.0019,0.8861,0,0,1.4968,0,1]},
{"frame":56,"values":[0.8875,0.0037,-0.4607,0,-0.0042,1,0,0,0.4607,0.0019,0.8875,0,0,1.4968,0,1]},
{"frame":57,"values":[0.8893,0.0037,-0.4573,0,-0.0042,1,0,0,0.4573,0.0019,0.8893,0,0,1.4968,0,1]},
{"frame":58,"values":[0.8911,0.0037,-0.4538,0,-0.0042,1,0,0,0.4538,0.0019,0.8911,0,0,1.4968,0,1]},
{"frame":59,"values":[0.8929,0.0037,-0.4503,0,-0.0042,1,0,0,0.4503,0.0019,0.8929,0,0,1.4968,0,1]},
{"frame":60,"values":[0.8946,0.0037,-0.4468,0,-0.0042,1,0,0,0.4468,0.0019,0.8946,0,0,1.4968,0,1]},
{"frame":61,"values":[0.896,0.0037,-0.444,0,-0.0042,1,0,0,0.444,0.0019,0.896,0,0,1.4968,0,1]},
{"frame":62,"values":[0.8961,0.0037,-0.4439,0,-0.0042,1,0,0,0.4439,0.0018,0.8961,0,0,1.4968,0,1]},
{"frame":64,"values":[0.8954,0.0037,-0.4452,0,-0.0042,1,0,0,0.4452,0.0019,0.8954,0,0,1.4968,0,1]},
{"frame":65,"values":[0.8946,0.0037,-0.4469,0,-0.0042,1,0,0,0.4469,0.0019,0.8946,0,0,1.4968,0,1]},
{"frame":66,"values":[0.8942,0.0037,-0.4477,0,-0.0042,1,0,0,0.4477,0.0019,0.8942,0,0,1.4968,0,1]},
{"frame":67,"values":[0.8944,0.0037,-0.4472,0,-0.0042,1,0,0,0.4472,0.0019,0.8944,0,0,1.4968,0,1]},
{"frame":68,"values":[0.8946,0.0037,-0.4468,0,-0.0042,1,0,0,0.4467,0.0019,0.8947,0,0,1.4968,0,1]},
{"frame":69,"values":[0.8958,0.0037,-0.4444,0,-0.0042,1,0,0,0.4444,0.0019,0.8958,0,0,1.4968,0,1]},
{"frame":70,"values":[0.9005,0.0038,-0.4348,0,-0.0042,1,0,0,0.4348,0.0018,0.9005,0,0,1.4968,0,1]},
{"frame":71,"values":[0.9051,0.0038,-0.4252,0,-0.0042,1,0,0,0.4252,0.0018,0.9051,0,0,1.4968,0,1]},
{"frame":72,"values":[0.9096,0.0038,-0.4155,0,-0.0042,1,0,0,0.4154,0.0017,0.9096,0,0,1.4968,0,1]},
{"frame":73,"values":[0.914,0.0038,-0.4057,0,-0.0042,1,0,0,0.4057,0.0017,0.914,0,0,1.4968,0,1]},
{"frame":74,"values":[0.9183,0.0038,-0.3959,0,-0.0042,1,0,0,0.3959,0.0016,0.9183,0,0,1.4968,0,1]},
{"frame":75,"values":[0.9225,0.0038,-0.386,0,-0.0042,1,0,0,0.386,0.0016,0.9225,0,0,1.4968,0,1]},
{"frame":76,"values":[0.9266,0.0039,-0.3761,0,-0.0042,1,0,0,0.3761,0.0016,0.9266,0,0,1.4968,0,1]},
{"frame":77,"values":[0.9305,0.0039,-0.3662,0,-0.0042,1,0,0,0.3662,0.0015,0.9305,0,0,1.4968,0,1]},
{"frame":78,"values":[0.9344,0.0039,-0.3562,0,-0.0042,1,0,0,0.3562,0.0015,0.9344,0,0,1.4968,0,1]},
{"frame":79,"values":[0.9382,0.0039,-0.3462,0,-0.0042,1,0,0,0.3462,0.0014,0.9382,0,0,1.4968,0,1]},
{"frame":80,"values":[0.9418,0.0039,-0.3361,0,-0.0042,1,0,0,0.3361,0.0014,0.9418,0,0,1.4968,0,1]},
{"frame":81,"values":[0.9453,0.0039,-0.326,0,-0.0042,1,0,0,0.326,0.0014,0.9454,0,0,1.4968,0,1]},
{"frame":82,"values":[0.9488,0.004,-0.3159,0,-0.0042,1,0,0,0.3159,0.0013,0.9488,0,0,1.4968,0,1]},
{"frame":83,"values":[0.9521,0.004,-0.3057,0,-0.0042,1,0,0,0.3057,0.0013,0.9521,0,0,1.4968,0,1]},
{"frame":84,"values":[0.9553,0.004,-0.2955,0,-0.0042,1,0,0,0.2955,0.0012,0.9553,0,0,1.4968,0,1]},
{"frame":85,"values":[0.9584,0.004,-0.2853,0,-0.0042,1,0,0,0.2853,0.0012,0.9584,0,0,1.4968,0,1]},
{"frame":86,"values":[0.9614,0.004,-0.275,0,-0.0042,1,0,0,0.275,0.0011,0.9614,0,0,1.4968,0,1]},
{"frame":87,"values":[0.9643,0.004,-0.2647,0,-0.0042,1,0,0,0.2647,0.0011,0.9643,0,0,1.4968,0,1]},
{"frame":88,"values":[0.9671,0.004,-0.2544,0,-0.0042,1,0,0,0.2544,0.0011,0.9671,0,0,1.4968,0,1]},
{"frame":89,"values":[0.9698,0.004,-0.244,0,-0.0042,1,0,0,0.244,0.001,0.9698,0,0,1.4968,0,1]},
{"frame":90,"values":[0.9723,0.0041,-0.2336,0,-0.0042,1,0,0,0.2336,0.001,0.9723,0,0,1.4968,0,1]},
{"frame":91,"values":[0.9748,0.0041,-0.2232,0,-0.0042,1,0,0,0.2232,0.0009,0.9748,0,0,1.4968,0,1]},
{"frame":92,"values":[0.9771,0.0041,-0.2127,0,-0.0042,1,0,0,0.2127,0.0009,0.9771,0,0,1.4968,0,1]},
{"frame":93,"values":[0.9793,0.0041,-0.2023,0,-0.0042,1,0,0,0.2023,0.0008,0.9793,0,0,1.4968,0,1]},
{"frame":94,"values":[0.9814,0.0041,-0.1918,0,-0.0042,1,0,0,0.1918,0.0008,0.9814,0,0,1.4968,0,1]},
{"frame":95,"values":[0.9834,0.0041,-0.1813,0,-0.0042,1,0,0,0.1813,0.0008,0.9834,0,0,1.4968,0,1]},
{"frame":96,"values":[0.9853,0.0041,-0.1707,0,-0.0042,1,0,0,0.1707,0.0007,0.9853,0,0,1.4968,0,1]},
{"frame":97,"values":[0.9871,0.0041,-0.1602,0,-0.0042,1,0,0,0.1602,0.0007,0.9871,0,0,1.4968,0,1]},
{"frame":98,"values":[0.9887,0.0041,-0.1496,0,-0.0042,1,0,0,0.1496,0.0006,0.9887,0,0,1.4968,0,1]},
{"frame":99,"values":[0.9903,0.0041,-0.139,0,-0.0042,1,0,0,0.139,0.0006,0.9903,0,0,1.4968,0,1]},
{"frame":100,"values":[0.9917,0.0041,-0.1284,0,-0.0042,1,0,0,0.1284,0.0005,0.9917,0,0,1.4968,0,1]},
{"frame":101,"values":[0.993,0.0041,-0.1178,0,-0.0042,1,0,0,0.1178,0.0005,0.993,0,0,1.4968,0,1]},
{"frame":102,"values":[0.9942,0.0041,-0.1072,0,-0.0042,1,0,0,0.1072,0.0004,0.9942,0,0,1.4968,0,1]},
{"frame":103,"values":[0.9953,0.0041,-0.0965,0,-0.0042,1,0,0,0.0965,0.0004,0.9953,0,0,1.4968,0,1]},
{"frame":104,"values":[0.9963,0.0042,-0.0858,0,-0.0042,1,0,0,0.0858,0.0004,0.9963,0,0,1.4968,0,1]},
{"frame":105,"values":[0.9972,0.0042,-0.0752,0,-0.0042,1,0,0,0.0752,0.0003,0.9972,0,0,1.4968,0,1]},
{"frame":106,"values":[0.9979,0.0042,-0.0645,0,-0.0042,1,0,0,0.0645,0.0003,0.9979,0,0,1.4968,0,1]},
{"frame":107,"values":[0.9985,0.0042,-0.0538,0,-0.0042,1,0,0,0.0538,0.0002,0.9986,0,0,1.4968,0,1]},
{"frame":108,"values":[0.9991,0.0042,-0.0431,0,-0.0042,1,0,0,0.0431,0.0002,0.9991,0,0,1.4968,0,1]},
{"frame":109,"values":[0.9995,0.0042,-0.0324,0,-0.0042,1,0,0,0.0324,0.0001,0.9995,0,0,1.4968,0,1]},
{"frame":110,"values":[0.9998,0.0042,-0.0217,0,-0.0042,1,0,0,0.0217,0.0001,0.9998,0,0,1.4968,0,1]},
{"frame":111,"values":[0.9999,0.0042,-0.011,0,-0.0042,1,0,0,0.011,0,0.9999,0,0,1.4968,0,1]},
{"frame":112,"values":[1,0.0042,-0.0003,0,-0.0042,1,0,0,0.0003,0,1,0,0,1.4968,0,1]},
{"frame":160,"values":[1,0.0042,-0.0003,0,-0.0042,1,0,0,0.0003,0,1,0,0,1.4968,0,1]}],"loopBehavior":1,"name":"anim","property":"_matrix"}},
{"name":"Bone003","index":3,"matrix":[0.9151,-0.4033,0,0,0.4033,0.9151,0,0,0,0,1,0,1.5767,1.6541,0,1],"rest":[0.9244,-0.3814,0,0,0.3814,0.9244,0,0,0,0,1,0,1.5767,1.6541,0,1],"parentBoneIndex":2,"length":12.9385
,"animation":{"dataType":3,"framePerSecond":24,"keys":[
{"frame":0,"values":[0.9244,-0.3814,0,0,0.3814,0.9244,0,0,0,0,1,0,1.5767,1.6541,0,1]},
{"frame":1,"values":[0.9151,-0.4033,0,0,0.4033,0.9151,0,0,0,0,1,0,1.5767,1.6541,0,1]},
{"frame":2,"values":[0.9052,-0.4249,0,0,0.4249,0.9052,0,0,0,0,1,0,1.5767,1.6541,0,1]},
{"frame":3,"values":[0.8949,-0.4463,0,0,0.4463,0.8949,0,0,0,0,1,0,1.5767,1.6541,0,1]},
{"frame":4,"values":[0.884,-0.4674,0,0,0.4674,0.884,0,0,0,0,1,0,1.5767,1.6541,0,1]},
{"frame":5,"values":[0.8727,-0.4883,0,0,0.4883,0.8727,0,0,0,0,1,0,1.5767,1.6541,0,1]},
{"frame":6,"values":[0.8609,-0.5089,0,0,0.5089,0.8609,0,0,0,0,1,0,1.5767,1.6541,0,1]},
{"frame":7,"values":[0.8485,-0.5292,0,0,0.5292,0.8485,0,0,0,0,1,0,1.5767,1.6541,0,1]},
{"frame":8,"values":[0.8357,-0.5492,0,0,0.5492,0.8357,0,0,0,0,1,0,1.5767,1.6541,0,1]},
{"frame":9,"values":[0.8224,-0.5688,0,0,0.5688,0.8224,0,0,0,0,1,0,1.5767,1.6541,0,1]},
{"frame":10,"values":[0.8087,-0.5882,0,0,0.5882,0.8087,0,0,0,0,1,0,1.5767,1.6541,0,1]},
{"frame":11,"values":[0.7945,-0.6073,0,0,0.6073,0.7945,0,0,0,0,1,0,1.5767,1.6541,0,1]},
{"frame":12,"values":[0.7799,-0.626,0,0,0.626,0.7799,0,0,0,0,1,0,1.5767,1.6541,0,1]},
{"frame":13,"values":[0.7648,-0.6443,0,0,0.6443,0.7648,0,0,0,0,1,0,1.5767,1.6541,0,1]},
{"frame":14,"values":[0.7493,-0.6623,0,0,0.6623,0.7493,0,0,0,0,1,0,1.5767,1.6541,0,1]},
{"frame":15,"values":[0.7333,-0.6799,0,0,0.6799,0.7333,0,0,0,0,1,0,1.5767,1.6541,0,1]},
{"frame":16,"values":[0.717,-0.6971,0,0,0.6971,0.717,0,0,0,0,1,0,1.5767,1.6541,0,1]},
{"frame":17,"values":[0.7094,-0.7048,0,0,0.7048,0.7094,0,0,0,0,1,0,1.5767,1.6541,0,1]},
{"frame":18,"values":[0.7017,-0.7124,0,0,0.7124,0.7017,0,0,0,0,1,0,1.5767,1.6541,0,1]},
{"frame":19,"values":[0.694,-0.72,0,0,0.72,0.694,0,0,0,0,1,0,1.5767,1.6541,0,1]},
{"frame":20,"values":[0.6862,-0.7274,0,0,0.7274,0.6862,0,0,0,0,1,0,1.5767,1.6541,0,1]},
{"frame":21,"values":[0.6783,-0.7348,0,0,0.7348,0.6783,0,0,0,0,1,0,1.5767,1.6541,0,1]},
{"frame":22,"values":[0.6703,-0.7421,0,0,0.7421,0.6703,0,0,0,0,1,0,1.5767,1.6541,0,1]},
{"frame":23,"values":[0.6623,-0.7493,0,0,0.7493,0.6623,0,0,0,0,1,0,1.5767,1.6541,0,1]},
{"frame":24,"values":[0.6541,-0.7564,0,0,0.7564,0.6541,0,0,0,0,1,0,1.5767,1.6541,0,1]},
{"frame":25,"values":[0.6459,-0.7634,0,0,0.7634,0.6459,0,0,0,0,1,0,1.5767,1.6541,0,1]},
{"frame":26,"values":[0.6376,-0.7703,0,0,0.7703,0.6376,0,0,0,0,1,0,1.5767,1.6541,0,1]},
{"frame":27,"values":[0.6293,-0.7772,0,0,0.7772,0.6293,0,0,0,0,1,0,1.5767,1.6541,0,1]},
{"frame":28,"values":[0.6208,-0.7839,0,0,0.7839,0.6208,0,0,0,0,1,0,1.5767,1.6541,0,1]},
{"frame":29,"values":[0.6123,-0.7906,0,0,0.7906,0.6123,0,0,0,0,1,0,1.5767,1.6541,0,1]},
{"frame":30,"values":[0.6037,-0.7972,0,0,0.7972,0.6037,0,0,0,0,1,0,1.5767,1.6541,0,1]},
{"frame":31,"values":[0.5951,-0.8037,0,0,0.8037,0.5951,0,0,0,0,1,0,1.5767,1.6541,0,1]},
{"frame":32,"values":[0.5864,-0.81,0,0,0.81,0.5864,0,0,0,0,1,0,1.5767,1.6541,0,1]},
{"frame":33,"values":[0.5776,-0.8163,0,0,0.8163,0.5776,0,0,0,0,1,0,1.5767,1.6541,0,1]},
{"frame":34,"values":[0.5687,-0.8225,0,0,0.8225,0.5687,0,0,0,0,1,0,1.5767,1.6541,0,1]},
{"frame":35,"values":[0.5598,-0.8286,0,0,0.8286,0.5598,0,0,0,0,1,0,1.5767,1.6541,0,1]},
{"frame":36,"values":[0.5508,-0.8346,0,0,0.8346,0.5508,0,0,0,0,1,0,1.5767,1.6541,0,1]},
{"frame":37,"values":[0.5418,-0.8405,0,0,0.8405,0.5418,0,0,0,0,1,0,1.5767,1.6541,0,1]},
{"frame":38,"values":[0.5327,-0.8463,0,0,0.8463,0.5327,0,0,0,0,1,0,1.5767,1.6541,0,1]},
{"frame":39,"values":[0.5235,-0.852,0,0,0.852,0.5235,0,0,0,0,1,0,1.5767,1.6541,0,1]},
{"frame":40,"values":[0.5143,-0.8576,0,0,0.8576,0.5143,0,0,0,0,1,0,1.5767,1.6541,0,1]},
{"frame":41,"values":[0.505,-0.8631,0,0,0.8631,0.505,0,0,0,0,1,0,1.5767,1.6541,0,1]},
{"frame":42,"values":[0.4956,-0.8685,0,0,0.8685,0.4956,0,0,0,0,1,0,1.5767,1.6541,0,1]},
{"frame":43,"values":[0.4862,-0.8738,0,0,0.8738,0.4862,0,0,0,0,1,0,1.5767,1.6541,0,1]},
{"frame":44,"values":[0.4767,-0.879,0,0,0.879,0.4767,0,0,0,0,1,0,1.5767,1.6541,0,1]},
{"frame":45,"values":[0.4672,-0.8841,0,0,0.8841,0.4672,0,0,0,0,1,0,1.5767,1.6541,0,1]},
{"frame":46,"values":[0.4576,-0.8891,0,0,0.8891,0.4576,0,0,0,0,1,0,1.5767,1.6541,0,1]},
{"frame":47,"values":[0.448,-0.894,0,0,0.894,0.448,0,0,0,0,1,0,1.5767,1.6541,0,1]},
{"frame":48,"values":[0.4383,-0.8988,0,0,0.8988,0.4383,0,0,0,0,1,0,1.5767,1.6541,0,1]},
{"frame":49,"values":[0.4483,-0.8939,0,0,0.8939,0.4483,0,0,0,0,1,0,1.5767,1.6541,0,1]},
{"frame":50,"values":[0.4583,-0.8888,0,0,0.8888,0.4583,0,0,0,0,1,0,1.5767,1.6541,0,1]},
{"frame":51,"values":[0.4682,-0.8836,0,0,0.8836,0.4682,0,0,0,0,1,0,1.5767,1.6541,0,1]},
{"frame":52,"values":[0.478,-0.8784,0,0,0.8784,0.478,0,0,0,0,1,0,1.5767,1.6541,0,1]},
{"frame":53,"values":[0.4878,-0.873,0,0,0.873,0.4878,0,0,0,0,1,0,1.5767,1.6541,0,1]},
{"frame":54,"values":[0.4975,-0.8675,0,0,0.8675,0.4975,0,0,0,0,1,0,1.5767,1.6541,0,1]},
{"frame":55,"values":[0.5071,-0.8619,0,0,0.8619,0.5071,0,0,0,0,1,0,1.5767,1.6541,0,1]},
{"frame":56,"values":[0.5167,-0.8562,0,0,0.8562,0.5167,0,0,0,0,1,0,1.5767,1.6541,0,1]},
{"frame":57,"values":[0.5262,-0.8503,0,0,0.8503,0.5262,0,0,0,0,1,0,1.5767,1.6541,0,1]},
{"frame":58,"values":[0.5357,-0.8444,0,0,0.8444,0.5357,0,0,0,0,1,0,1.5767,1.6541,0,1]},
{"frame":59,"values":[0.5451,-0.8384,0,0,0.8384,0.5451,0,0,0,0,1,0,1.5767,1.6541,0,1]},
{"frame":60,"values":[0.5544,-0.8322,0,0,0.8322,0.5544,0,0,0,0,1,0,1.5767,1.6541,0,1]},
{"frame":61,"values":[0.5637,-0.826,0,0,0.826,0.5637,0,0,0,0,1,0,1.5767,1.6541,0,1]},
{"frame":62,"values":[0.5728,-0.8197,0,0,0.8197,0.5728,0,0,0,0,1,0,1.5767,1.6541,0,1]},
{"frame":63,"values":[0.582,-0.8132,0,0,0.8132,0.582,0,0,0,0,1,0,1.5767,1.6541,0,1]},
{"frame":64,"values":[0.591,-0.8067,0,0,0.8067,0.591,0,0,0,0,1,0,1.5767,1.6541,0,1]},
{"frame":65,"values":[0.6,-0.8,0,0,0.8,0.6,0,0,0,0,1,0,1.5767,1.6541,0,1]},
{"frame":66,"values":[0.6088,-0.7933,0,0,0.7933,0.6088,0,0,0,0,1,0,1.5767,1.6541,0,1]},
{"frame":67,"values":[0.6177,-0.7864,0,0,0.7864,0.6177,0,0,0,0,1,0,1.5767,1.6541,0,1]},
{"frame":68,"values":[0.6264,-0.7795,0,0,0.7795,0.6264,0,0,0,0,1,0,1.5767,1.6541,0,1]},
{"frame":69,"values":[0.6351,-0.7725,0,0,0.7725,0.6351,0,0,0,0,1,0,1.5767,1.6541,0,1]},
{"frame":70,"values":[0.6436,-0.7653,0,0,0.7653,0.6436,0,0,0,0,1,0,1.5767,1.6541,0,1]},
{"frame":71,"values":[0.6521,-0.7581,0,0,0.7581,0.6521,0,0,0,0,1,0,1.5767,1.6541,0,1]},
{"frame":72,"values":[0.6606,-0.7508,0,0,0.7508,0.6606,0,0,0,0,1,0,1.5767,1.6541,0,1]},
{"frame":73,"values":[0.6689,-0.7434,0,0,0.7434,0.6689,0,0,0,0,1,0,1.5767,1.6541,0,1]},
{"frame":74,"values":[0.6772,-0.7358,0,0,0.7358,0.6772,0,0,0,0,1,0,1.5767,1.6541,0,1]},
{"frame":75,"values":[0.6853,-0.7282,0,0,0.7282,0.6853,0,0,0,0,1,0,1.5767,1.6541,0,1]},
{"frame":76,"values":[0.6934,-0.7205,0,0,0.7205,0.6934,0,0,0,0,1,0,1.5767,1.6541,0,1]},
{"frame":77,"values":[0.7014,-0.7128,0,0,0.7128,0.7014,0,0,0,0,1,0,1.5767,1.6541,0,1]},
{"frame":78,"values":[0.7093,-0.7049,0,0,0.7049,0.7093,0,0,0,0,1,0,1.5767,1.6541,0,1]},
{"frame":79,"values":[0.7171,-0.6969,0,0,0.6969,0.7171,0,0,0,0,1,0,1.5767,1.6541,0,1]},
{"frame":80,"values":[0.7249,-0.6889,0,0,0.6889,0.7249,0,0,0,0,1,0,1.5767,1.6541,0,1]},
{"frame":81,"values":[0.7221,-0.6918,0,0,0.6918,0.7221,0,0,0,0,1,0,1.5767,1.6541,0,1]},
{"frame":82,"values":[0.7193,-0.6947,0,0,0.6947,0.7193,0,0,0,0,1,0,1.5767,1.6541,0,1]},
{"frame":83,"values":[0.7165,-0.6976,0,0,0.6976,0.7165,0,0,0,0,1,0,1.5767,1.6541,0,1]},
{"frame":84,"values":[0.7137,-0.7005,0,0,0.7005,0.7137,0,0,0,0,1,0,1.5767,1.6541,0,1]},
{"frame":85,"values":[0.7109,-0.7033,0,0,0.7033,0.7109,0,0,0,0,1,0,1.5767,1.6541,0,1]},
{"frame":86,"values":[0.708,-0.7062,0,0,0.7062,0.708,0,0,0,0,1,0,1.5767,1.6541,0,1]},
{"frame":87,"values":[0.7052,-0.709,0,0,0.709,0.7052,0,0,0,0,1,0,1.5767,1.6541,0,1]},
{"frame":88,"values":[0.7023,-0.7118,0,0,0.7118,0.7023,0,0,0,0,1,0,1.5767,1.6541,0,1]},
{"frame":89,"values":[0.6995,-0.7147,0,0,0.7147,0.6995,0,0,0,0,1,0,1.5767,1.6541,0,1]},
{"frame":90,"values":[0.6966,-0.7175,0,0,0.7175,0.6966,0,0,0,0,1,0,1.5767,1.6541,0,1]},
{"frame":91,"values":[0.6937,-0.7203,0,0,0.7203,0.6937,0,0,0,0,1,0,1.5767,1.6541,0,1]},
{"frame":92,"values":[0.6908,-0.723,0,0,0.723,0.6908,0,0,0,0,1,0,1.5767,1.6541,0,1]},
{"frame":93,"values":[0.6879,-0.7258,0,0,0.7258,0.6879,0,0,0,0,1,0,1.5767,1.6541,0,1]},
{"frame":94,"values":[0.685,-0.7286,0,0,0.7286,0.685,0,0,0,0,1,0,1.5767,1.6541,0,1]},
{"frame":95,"values":[0.682,-0.7313,0,0,0.7313,0.682,0,0,0,0,1,0,1.5767,1.6541,0,1]},
{"frame":96,"values":[0.6791,-0.734,0,0,0.734,0.6791,0,0,0,0,1,0,1.5767,1.6541,0,1]},
{"frame":97,"values":[0.6761,-0.7368,0,0,0.7368,0.6761,0,0,0,0,1,0,1.5767,1.6541,0,1]},
{"frame":98,"values":[0.6732,-0.7395,0,0,0.7395,0.6732,0,0,0,0,1,0,1.5767,1.6541,0,1]},
{"frame":99,"values":[0.6702,-0.7422,0,0,0.7422,0.6702,0,0,0,0,1,0,1.5767,1.6541,0,1]},
{"frame":100,"values":[0.6672,-0.7449,0,0,0.7449,0.6672,0,0,0,0,1,0,1.5767,1.6541,0,1]},
{"frame":101,"values":[0.6642,-0.7475,0,0,0.7475,0.6642,0,0,0,0,1,0,1.5767,1.6541,0,1]},
{"frame":102,"values":[0.6612,-0.7502,0,0,0.7502,0.6612,0,0,0,0,1,0,1.5767,1.6541,0,1]},
{"frame":103,"values":[0.6582,-0.7529,0,0,0.7529,0.6582,0,0,0,0,1,0,1.5767,1.6541,0,1]},
{"frame":104,"values":[0.6552,-0.7555,0,0,0.7555,0.6552,0,0,0,0,1,0,1.5767,1.6541,0,1]},
{"frame":105,"values":[0.6521,-0.7581,0,0,0.7581,0.6521,0,0,0,0,1,0,1.5767,1.6541,0,1]},
{"frame":106,"values":[0.6491,-0.7607,0,0,0.7607,0.6491,0,0,0,0,1,0,1.5767,1.6541,0,1]},
{"frame":107,"values":[0.646,-0.7633,0,0,0.7633,0.646,0,0,0,0,1,0,1.5767,1.6541,0,1]},
{"frame":108,"values":[0.6429,-0.7659,0,0,0.7659,0.6429,0,0,0,0,1,0,1.5767,1.6541,0,1]},
{"frame":109,"values":[0.6398,-0.7685,0,0,0.7685,0.6398,0,0,0,0,1,0,1.5767,1.6541,0,1]},
{"frame":110,"values":[0.6367,-0.7711,0,0,0.7711,0.6367,0,0,0,0,1,0,1.5767,1.6541,0,1]},
{"frame":111,"values":[0.6336,-0.7736,0,0,0.7736,0.6336,0,0,0,0,1,0,1.5767,1.6541,0,1]},
{"frame":112,"values":[0.6305,-0.7762,0,0,0.7762,0.6305,0,0,0,0,1,0,1.5767,1.6541,0,1]},
{"frame":113,"values":[0.6388,-0.7693,0,0,0.7693,0.6388,0,0,0,0,1,0,1.5767,1.6541,0,1]},
{"frame":114,"values":[0.6471,-0.7624,0,0,0.7624,0.6471,0,0,0,0,1,0,1.5767,1.6541,0,1]},
{"frame":115,"values":[0.6552,-0.7554,0,0,0.7554,0.6552,0,0,0,0,1,0,1.5767,1.6541,0,1]},
{"frame":116,"values":[0.6633,-0.7483,0,0,0.7483,0.6633,0,0,0,0,1,0,1.5767,1.6541,0,1]},
{"frame":117,"values":[0.6713,-0.7412,0,0,0.7412,0.6713,0,0,0,0,1,0,1.5767,1.6541,0,1]},
{"frame":118,"values":[0.6792,-0.7339,0,0,0.7339,0.6792,0,0,0,0,1,0,1.5767,1.6541,0,1]},
{"frame":119,"values":[0.6871,-0.7266,0,0,0.7266,0.6871,0,0,0,0,1,0,1.5767,1.6541,0,1]},
{"frame":120,"values":[0.6949,-0.7191,0,0,0.7191,0.6949,0,0,0,0,1,0,1.5767,1.6541,0,1]},
{"frame":121,"values":[0.7026,-0.7116,0,0,0.7116,0.7026,0,0,0,0,1,0,1.5767,1.6541,0,1]},
{"frame":122,"values":[0.7102,-0.704,0,0,0.704,0.7102,0,0,0,0,1,0,1.5767,1.6541,0,1]},
{"frame":123,"values":[0.7177,-0.6964,0,0,0.6964,0.7177,0,0,0,0,1,0,1.5767,1.6541,0,1]},
{"frame":124,"values":[0.7251,-0.6886,0,0,0.6886,0.7251,0,0,0,0,1,0,1.5767,1.6541,0,1]},
{"frame":125,"values":[0.7325,-0.6808,0,0,0.6808,0.7325,0,0,0,0,1,0,1.5767,1.6541,0,1]},
{"frame":126,"values":[0.7398,-0.6728,0,0,0.6728,0.7398,0,0,0,0,1,0,1.5767,1.6541,0,1]},
{"frame":127,"values":[0.747,-0.6649,0,0,0.6649,0.747,0,0,0,0,1,0,1.5767,1.6541,0,1]},
{"frame":128,"values":[0.7541,-0.6568,0,0,0.6568,0.7541,0,0,0,0,1,0,1.5767,1.6541,0,1]},
{"frame":129,"values":[0.7611,-0.6486,0,0,0.6486,0.7611,0,0,0,0,1,0,1.5767,1.6541,0,1]},
{"frame":130,"values":[0.768,-0.6404,0,0,0.6404,0.768,0,0,0,0,1,0,1.5767,1.6541,0,1]},
{"frame":131,"values":[0.7749,-0.6321,0,0,0.6321,0.7749,0,0,0,0,1,0,1.5767,1.6541,0,1]},
{"frame":132,"values":[0.7816,-0.6238,0,0,0.6238,0.7816,0,0,0,0,1,0,1.5767,1.6541,0,1]},
{"frame":133,"values":[0.7883,-0.6153,0,0,0.6153,0.7883,0,0,0,0,1,0,1.5767,1.6541,0,1]},
{"frame":134,"values":[0.7948,-0.6068,0,0,0.6068,0.7948,0,0,0,0,1,0,1.5767,1.6541,0,1]},
{"frame":135,"values":[0.8013,-0.5982,0,0,0.5982,0.8013,0,0,0,0,1,0,1.5767,1.6541,0,1]},
{"frame":136,"values":[0.8077,-0.5896,0,0,0.5896,0.8077,0,0,0,0,1,0,1.5767,1.6541,0,1]},
{"frame":137,"values":[0.814,-0.5809,0,0,0.5809,0.814,0,0,0,0,1,0,1.5767,1.6541,0,1]},
{"frame":138,"values":[0.8202,-0.5721,0,0,0.5721,0.8202,0,0,0,0,1,0,1.5767,1.6541,0,1]},
{"frame":139,"values":[0.8263,-0.5632,0,0,0.5632,0.8263,0,0,0,0,1,0,1.5767,1.6541,0,1]},
{"frame":140,"values":[0.8323,-0.5543,0,0,0.5543,0.8323,0,0,0,0,1,0,1.5767,1.6541,0,1]},
{"frame":141,"values":[0.8382,-0.5453,0,0,0.5453,0.8382,0,0,0,0,1,0,1.5767,1.6541,0,1]},
{"frame":142,"values":[0.844,-0.5363,0,0,0.5363,0.844,0,0,0,0,1,0,1.5767,1.6541,0,1]},
{"frame":143,"values":[0.8498,-0.5272,0,0,0.5272,0.8498,0,0,0,0,1,0,1.5767,1.6541,0,1]},
{"frame":144,"values":[0.8554,-0.518,0,0,0.518,0.8554,0,0,0,0,1,0,1.5767,1.6541,0,1]},
{"frame":145,"values":[0.8649,-0.502,0,0,0.502,0.8649,0,0,0,0,1,0,1.5767,1.6541,0,1]},
{"frame":146,"values":[0.8741,-0.4858,0,0,0.4858,0.8741,0,0,0,0,1,0,1.5767,1.6541,0,1]},
{"frame":147,"values":[0.883,-0.4695,0,0,0.4695,0.883,0,0,0,0,1,0,1.5767,1.6541,0,1]},
{"frame":148,"values":[0.8915,-0.4529,0,0,0.4529,0.8915,0,0,0,0,1,0,1.5767,1.6541,0,1]},
{"frame":149,"values":[0.8998,-0.4363,0,0,0.4363,0.8998,0,0,0,0,1,0,1.5767,1.6541,0,1]},
{"frame":150,"values":[0.9078,-0.4194,0,0,0.4194,0.9078,0,0,0,0,1,0,1.5767,1.6541,0,1]},
{"frame":151,"values":[0.9154,-0.4025,0,0,0.4025,0.9154,0,0,0,0,1,0,1.5767,1.6541,0,1]},
{"frame":152,"values":[0.9228,-0.3854,0,0,0.3854,0.9228,0,0,0,0,1,0,1.5767,1.6541,0,1]},
{"frame":160,"values":[0.9228,-0.3854,0,0,0.3854,0.9228,0,0,0,0,1,0,1.5767,1.6541,0,1]}],"loopBehavior":1,"name":"anim","property":"_matrix"}},
{"name":"Bone004","index":4,"matrix":[-0.9145,-0.4047,0,0,0.4047,-0.9145,0,0,0,0,1,0,-1.6224,12.8364,0,1],"rest":[-0.9198,-0.3925,0,0,0.3925,-0.9198,0,0,0,0,1,0,-1.6224,12.8364,0,1],"parentBoneIndex":3,"length":11.5946
,"animation":{"dataType":3,"framePerSecond":24,"keys":[
{"frame":0,"values":[-0.9198,-0.3925,0,0,0.3925,-0.9198,0,0,0,0,1,0,-1.6224,12.8364,0,1]},
{"frame":1,"values":[-0.9145,-0.4047,0,0,0.4047,-0.9145,0,0,0,0,1,0,-1.6224,12.8364,0,1]},
{"frame":2,"values":[-0.909,-0.4168,0,0,0.4168,-0.909,0,0,0,0,1,0,-1.6224,12.8364,0,1]},
{"frame":3,"values":[-0.9034,-0.4288,0,0,0.4288,-0.9034,0,0,0,0,1,0,-1.6224,12.8364,0,1]},
{"frame":4,"values":[-0.8976,-0.4408,0,0,0.4408,-0.8976,0,0,0,0,1,0,-1.6224,12.8364,0,1]},
{"frame":5,"values":[-0.8917,-0.4527,0,0,0.4527,-0.8917,0,0,0,0,1,0,-1.6224,12.8364,0,1]},
{"frame":6,"values":[-0.8856,-0.4645,0,0,0.4645,-0.8856,0,0,0,0,1,0,-1.6224,12.8364,0,1]},
{"frame":7,"values":[-0.8793,-0.4763,0,0,0.4763,-0.8793,0,0,0,0,1,0,-1.6224,12.8364,0,1]},
{"frame":8,"values":[-0.8729,-0.4879,0,0,0.4879,-0.8729,0,0,0,0,1,0,-1.6224,12.8364,0,1]},
{"frame":9,"values":[-0.8663,-0.4995,0,0,0.4995,-0.8663,0,0,0,0,1,0,-1.6224,12.8364,0,1]},
{"frame":10,"values":[-0.8596,-0.511,0,0,0.511,-0.8596,0,0,0,0,1,0,-1.6224,12.8364,0,1]},
{"frame":11,"values":[-0.8527,-0.5224,0,0,0.5224,-0.8527,0,0,0,0,1,0,-1.6224,12.8364,0,1]},
{"frame":12,"values":[-0.8457,-0.5337,0,0,0.5337,-0.8457,0,0,0,0,1,0,-1.6224,12.8364,0,1]},
{"frame":13,"values":[-0.8385,-0.5449,0,0,0.5449,-0.8385,0,0,0,0,1,0,-1.6224,12.8364,0,1]},
{"frame":14,"values":[-0.8312,-0.556,0,0,0.556,-0.8312,0,0,0,0,1,0,-1.6224,12.8364,0,1]},
{"frame":15,"values":[-0.8237,-0.567,0,0,0.567,-0.8237,0,0,0,0,1,0,-1.6224,12.8364,0,1]},
{"frame":16,"values":[-0.8161,-0.5779,0,0,0.5779,-0.8161,0,0,0,0,1,0,-1.6224,12.8364,0,1]},
{"frame":29,"values":[-0.8161,-0.5778,0,0,0.5778,-0.8161,0,0,0,0,1,0,-1.6224,12.8364,0,1]},
{"frame":35,"values":[-0.8161,-0.5778,0,0,0.5778,-0.8162,0,0,0,0,1,0,-1.6224,12.8364,0,1]},
{"frame":36,"values":[-0.8162,-0.5778,0,0,0.5778,-0.8162,0,0,0,0,1,0,-1.6224,12.8364,0,1]},
{"frame":81,"values":[-0.8189,-0.5739,0,0,0.5739,-0.8189,0,0,0,0,1,0,-1.6224,12.8364,0,1]},
{"frame":82,"values":[-0.8216,-0.57,0,0,0.57,-0.8216,0,0,0,0,1,0,-1.6224,12.8364,0,1]},
{"frame":83,"values":[-0.8243,-0.5661,0,0,0.5661,-0.8243,0,0,0,0,1,0,-1.6224,12.8364,0,1]},
{"frame":84,"values":[-0.827,-0.5622,0,0,0.5622,-0.827,0,0,0,0,1,0,-1.6224,12.8364,0,1]},
{"frame":85,"values":[-0.8297,-0.5583,0,0,0.5583,-0.8297,0,0,0,0,1,0,-1.6224,12.8364,0,1]},
{"frame":86,"values":[-0.8323,-0.5543,0,0,0.5543,-0.8323,0,0,0,0,1,0,-1.6224,12.8364,0,1]},
{"frame":87,"values":[-0.8349,-0.5504,0,0,0.5504,-0.8349,0,0,0,0,1,0,-1.6224,12.8364,0,1]},
{"frame":88,"values":[-0.8375,-0.5464,0,0,0.5464,-0.8375,0,0,0,0,1,0,-1.6224,12.8364,0,1]},
{"frame":89,"values":[-0.8401,-0.5425,0,0,0.5425,-0.8401,0,0,0,0,1,0,-1.6224,12.8364,0,1]},
{"frame":90,"values":[-0.8426,-0.5385,0,0,0.5385,-0.8426,0,0,0,0,1,0,-1.6224,12.8364,0,1]},
{"frame":91,"values":[-0.8452,-0.5345,0,0,0.5345,-0.8452,0,0,0,0,1,0,-1.6224,12.8364,0,1]},
{"frame":92,"values":[-0.8477,-0.5305,0,0,0.5305,-0.8477,0,0,0,0,1,0,-1.6224,12.8364,0,1]},
{"frame":93,"values":[-0.8502,-0.5265,0,0,0.5265,-0.8502,0,0,0,0,1,0,-1.6224,12.8364,0,1]},
{"frame":94,"values":[-0.8527,-0.5224,0,0,0.5224,-0.8527,0,0,0,0,1,0,-1.6224,12.8364,0,1]},
{"frame":95,"values":[-0.8552,-0.5184,0,0,0.5184,-0.8552,0,0,0,0,1,0,-1.6224,12.8364,0,1]},
{"frame":96,"values":[-0.8576,-0.5143,0,0,0.5143,-0.8576,0,0,0,0,1,0,-1.6224,12.8364,0,1]},
{"frame":97,"values":[-0.86,-0.5103,0,0,0.5103,-0.86,0,0,0,0,1,0,-1.6224,12.8364,0,1]},
{"frame":98,"values":[-0.8624,-0.5062,0,0,0.5062,-0.8624,0,0,0,0,1,0,-1.6224,12.8364,0,1]},
{"frame":99,"values":[-0.8648,-0.5021,0,0,0.5021,-0.8648,0,0,0,0,1,0,-1.6224,12.8364,0,1]},
{"frame":100,"values":[-0.8672,-0.498,0,0,0.498,-0.8672,0,0,0,0,1,0,-1.6224,12.8364,0,1]},
{"frame":101,"values":[-0.8695,-0.4939,0,0,0.4939,-0.8695,0,0,0,0,1,0,-1.6224,12.8364,0,1]},
{"frame":102,"values":[-0.8719,-0.4897,0,0,0.4897,-0.8719,0,0,0,0,1,0,-1.6224,12.8364,0,1]},
{"frame":103,"values":[-0.8742,-0.4856,0,0,0.4856,-0.8742,0,0,0,0,1,0,-1.6224,12.8364,0,1]},
{"frame":104,"values":[-0.8765,-0.4815,0,0,0.4815,-0.8765,0,0,0,0,1,0,-1.6224,12.8364,0,1]},
{"frame":105,"values":[-0.8787,-0.4773,0,0,0.4773,-0.8787,0,0,0,0,1,0,-1.6224,12.8364,0,1]},
{"frame":106,"values":[-0.881,-0.4731,0,0,0.4731,-0.881,0,0,0,0,1,0,-1.6224,12.8364,0,1]},
{"frame":107,"values":[-0.8832,-0.469,0,0,0.469,-0.8832,0,0,0,0,1,0,-1.6224,12.8364,0,1]},
{"frame":108,"values":[-0.8854,-0.4648,0,0,0.4648,-0.8854,0,0,0,0,1,0,-1.6224,12.8364,0,1]},
{"frame":109,"values":[-0.8876,-0.4606,0,0,0.4606,-0.8876,0,0,0,0,1,0,-1.6224,12.8364,0,1]},
{"frame":110,"values":[-0.8898,-0.4564,0,0,0.4564,-0.8898,0,0,0,0,1,0,-1.6224,12.8364,0,1]},
{"frame":111,"values":[-0.8919,-0.4522,0,0,0.4522,-0.8919,0,0,0,0,1,0,-1.6224,12.8364,0,1]},
{"frame":112,"values":[-0.8941,-0.4479,0,0,0.4479,-0.8941,0,0,0,0,1,0,-1.6224,12.8364,0,1]},
{"frame":113,"values":[-0.8951,-0.4459,0,0,0.4459,-0.8951,0,0,0,0,1,0,-1.6224,12.8364,0,1]},
{"frame":114,"values":[-0.8961,-0.4439,0,0,0.4439,-0.8961,0,0,0,0,1,0,-1.6224,12.8364,0,1]},
{"frame":115,"values":[-0.897,-0.4419,0,0,0.4419,-0.897,0,0,0,0,1,0,-1.6224,12.8364,0,1]},
{"frame":116,"values":[-0.898,-0.4399,0,0,0.4399,-0.898,0,0,0,0,1,0,-1.6224,12.8364,0,1]},
{"frame":117,"values":[-0.899,-0.4379,0,0,0.4379,-0.899,0,0,0,0,1,0,-1.6224,12.8364,0,1]},
{"frame":118,"values":[-0.9,-0.4359,0,0,0.4359,-0.9,0,0,0,0,1,0,-1.6224,12.8364,0,1]},
{"frame":119,"values":[-0.9009,-0.4339,0,0,0.4339,-0.9009,0,0,0,0,1,0,-1.6224,12.8364,0,1]},
{"frame":120,"values":[-0.9019,-0.4319,0,0,0.4319,-0.9019,0,0,0,0,1,0,-1.6224,12.8364,0,1]},
{"frame":121,"values":[-0.9029,-0.4299,0,0,0.4299,-0.9029,0,0,0,0,1,0,-1.6224,12.8364,0,1]},
{"frame":122,"values":[-0.9038,-0.4279,0,0,0.4279,-0.9038,0,0,0,0,1,0,-1.6224,12.8364,0,1]},
{"frame":123,"values":[-0.9048,-0.4259,0,0,0.4259,-0.9048,0,0,0,0,1,0,-1.6224,12.8364,0,1]},
{"frame":124,"values":[-0.9057,-0.4239,0,0,0.4239,-0.9057,0,0,0,0,1,0,-1.6224,12.8364,0,1]},
{"frame":125,"values":[-0.9067,-0.4219,0,0,0.4219,-0.9067,0,0,0,0,1,0,-1.6224,12.8364,0,1]},
{"frame":126,"values":[-0.9076,-0.4198,0,0,0.4198,-0.9076,0,0,0,0,1,0,-1.6224,12.8364,0,1]},
{"frame":127,"values":[-0.9085,-0.4178,0,0,0.4178,-0.9085,0,0,0,0,1,0,-1.6224,12.8364,0,1]},
{"frame":128,"values":[-0.9095,-0.4158,0,0,0.4158,-0.9095,0,0,0,0,1,0,-1.6224,12.8364,0,1]},
{"frame":129,"values":[-0.9104,-0.4138,0,0,0.4138,-0.9104,0,0,0,0,1,0,-1.6224,12.8364,0,1]},
{"frame":130,"values":[-0.9113,-0.4117,0,0,0.4117,-0.9113,0,0,0,0,1,0,-1.6224,12.8364,0,1]},
{"frame":131,"values":[-0.9122,-0.4097,0,0,0.4097,-0.9122,0,0,0,0,1,0,-1.6224,12.8364,0,1]},
{"frame":132,"values":[-0.9131,-0.4077,0,0,0.4077,-0.9131,0,0,0,0,1,0,-1.6224,12.8364,0,1]},
{"frame":133,"values":[-0.914,-0.4056,0,0,0.4056,-0.914,0,0,0,0,1,0,-1.6224,12.8364,0,1]},
{"frame":134,"values":[-0.9149,-0.4036,0,0,0.4036,-0.9149,0,0,0,0,1,0,-1.6224,12.8364,0,1]},
{"frame":135,"values":[-0.9158,-0.4016,0,0,0.4016,-0.9158,0,0,0,0,1,0,-1.6224,12.8364,0,1]},
{"frame":136,"values":[-0.9167,-0.3995,0,0,0.3995,-0.9167,0,0,0,0,1,0,-1.6224,12.8364,0,1]},
{"frame":137,"values":[-0.9176,-0.3975,0,0,0.3975,-0.9176,0,0,0,0,1,0,-1.6224,12.8364,0,1]},
{"frame":138,"values":[-0.9185,-0.3954,0,0,0.3954,-0.9185,0,0,0,0,1,0,-1.6224,12.8364,0,1]},
{"frame":139,"values":[-0.9194,-0.3934,0,0,0.3934,-0.9194,0,0,0,0,1,0,-1.6224,12.8364,0,1]},
{"frame":140,"values":[-0.9202,-0.3913,0,0,0.3913,-0.9202,0,0,0,0,1,0,-1.6224,12.8364,0,1]},
{"frame":141,"values":[-0.9211,-0.3893,0,0,0.3893,-0.9211,0,0,0,0,1,0,-1.6224,12.8364,0,1]},
{"frame":142,"values":[-0.922,-0.3872,0,0,0.3872,-0.922,0,0,0,0,1,0,-1.6224,12.8364,0,1]},
{"frame":143,"values":[-0.9228,-0.3852,0,0,0.3852,-0.9228,0,0,0,0,1,0,-1.6224,12.8364,0,1]},
{"frame":144,"values":[-0.9237,-0.3831,0,0,0.3831,-0.9237,0,0,0,0,1,0,-1.6224,12.8364,0,1]},
{"frame":145,"values":[-0.9229,-0.385,0,0,0.385,-0.9229,0,0,0,0,1,0,-1.6224,12.8364,0,1]},
{"frame":146,"values":[-0.9222,-0.3868,0,0,0.3868,-0.9222,0,0,0,0,1,0,-1.6224,12.8364,0,1]},
{"frame":147,"values":[-0.9214,-0.3886,0,0,0.3886,-0.9214,0,0,0,0,1,0,-1.6224,12.8364,0,1]},
{"frame":148,"values":[-0.9206,-0.3905,0,0,0.3905,-0.9206,0,0,0,0,1,0,-1.6224,12.8364,0,1]},
{"frame":149,"values":[-0.9198,-0.3923,0,0,0.3923,-0.9198,0,0,0,0,1,0,-1.6224,12.8364,0,1]},
{"frame":150,"values":[-0.9191,-0.3941,0,0,0.3941,-0.9191,0,0,0,0,1,0,-1.6224,12.8364,0,1]},
{"frame":151,"values":[-0.9183,-0.396,0,0,0.396,-0.9183,0,0,0,0,1,0,-1.6224,12.8364,0,1]},
{"frame":152,"values":[-0.9175,-0.3978,0,0,0.3978,-0.9175,0,0,0,0,1,0,-1.6224,12.8364,0,1]},
{"frame":160,"values":[-0.9175,-0.3978,0,0,0.3978,-0.9175,0,0,0,0,1,0,-1.6224,12.8364,0,1]}],"loopBehavior":1,"name":"anim","property":"_matrix"}},
{"name":"Bone005","index":5,"matrix":[0.9996,0.0028,-0.0267,0,-0.0029,1,-0.0003,0,0.0267,0.0004,0.9996,0,-2.972,11.2072,0,1],"rest":[1,-0.0066,0,0,0.0066,1,0,0,0,0,1,0,-2.972,11.2072,0,1],"parentBoneIndex":4,"length":1.4642
,"animation":{"dataType":3,"framePerSecond":24,"keys":[
{"frame":0,"values":[1,-0.0066,0,0,0.0066,1,0,0,0,0,1,0,-2.972,11.2072,0,1]},
{"frame":1,"values":[0.9996,0.0028,-0.0267,0,-0.0029,1,-0.0003,0,0.0267,0.0004,0.9996,0,-2.972,11.2072,0,1]},
{"frame":2,"values":[0.9985,0.0122,-0.0534,0,-0.0123,0.9999,-0.0007,0,0.0534,0.0013,0.9986,0,-2.972,11.2072,0,1]},
{"frame":3,"values":[0.9966,0.0215,-0.08,0,-0.0217,0.9998,-0.001,0,0.08,0.0027,0.9968,0,-2.972,11.2072,0,1]},
{"frame":4,"values":[0.9938,0.0308,-0.1066,0,-0.0311,0.9995,-0.0013,0,0.1065,0.0046,0.9943,0,-2.972,11.2072,0,1]},
{"frame":5,"values":[0.9903,0.0399,-0.1331,0,-0.0405,0.9992,-0.0016,0,0.133,0.007,0.9911,0,-2.972,11.2072,0,1]},
{"frame":6,"values":[0.986,0.0489,-0.1595,0,-0.0499,0.9988,-0.0019,0,0.1592,0.0099,0.9872,0,-2.972,11.2072,0,1]},
{"frame":7,"values":[0.9809,0.0578,-0.1858,0,-0.0593,0.9982,-0.0022,0,0.1854,0.0132,0.9826,0,-2.972,11.2072,0,1]},
{"frame":8,"values":[0.975,0.0666,-0.212,0,-0.0687,0.9976,-0.0025,0,0.2113,0.017,0.9773,0,-2.972,11.2072,0,1]},
{"frame":9,"values":[0.9683,0.0751,-0.238,0,-0.0781,0.9969,-0.0029,0,0.2371,0.0214,0.9713,0,-2.972,11.2072,0,1]},
{"frame":10,"values":[0.9609,0.0835,-0.2639,0,-0.0874,0.9962,-0.0032,0,0.2626,0.0261,0.9646,0,-2.972,11.2072,0,1]},
{"frame":11,"values":[0.9528,0.0917,-0.2895,0,-0.0968,0.9953,-0.0035,0,0.2879,0.0314,0.9572,0,-2.972,11.2072,0,1]},
{"frame":12,"values":[0.9439,0.0996,-0.315,0,-0.1062,0.9943,-0.0038,0,0.3128,0.037,0.9491,0,-2.972,11.2072,0,1]},
{"frame":13,"values":[0.9342,0.1072,-0.3402,0,-0.1155,0.9933,-0.0041,0,0.3375,0.0432,0.9403,0,-2.972,11.2072,0,1]},
{"frame":14,"values":[0.9238,0.1146,-0.3652,0,-0.1249,0.9922,-0.0045,0,0.3618,0.0497,0.9309,0,-2.972,11.2072,0,1]},
{"frame":15,"values":[0.9128,0.1217,-0.3899,0,-0.1342,0.9909,-0.0048,0,0.3858,0.0567,0.9208,0,-2.972,11.2072,0,1]},
{"frame":16,"values":[0.901,0.1285,-0.4144,0,-0.1435,0.9896,-0.0051,0,0.4094,0.0641,0.9101,0,-2.972,11.2072,0,1]},
{"frame":17,"values":[0.8998,0.1378,-0.4139,0,-0.1536,0.9881,-0.0049,0,0.4083,0.068,0.9103,0,-2.972,11.2072,0,1]},
{"frame":18,"values":[0.8986,0.147,-0.4135,0,-0.1636,0.9865,-0.0048,0,0.4072,0.072,0.9105,0,-2.972,11.2072,0,1]},
{"frame":19,"values":[0.8972,0.1562,-0.413,0,-0.1736,0.9848,-0.0047,0,0.406,0.0759,0.9107,0,-2.972,11.2072,0,1]},
{"frame":20,"values":[0.8958,0.1654,-0.4125,0,-0.1836,0.983,-0.0045,0,0.4048,0.0798,0.9109,0,-2.972,11.2072,0,1]},
{"frame":21,"values":[0.8943,0.1746,-0.4121,0,-0.1936,0.9811,-0.0044,0,0.4035,0.0837,0.9111,0,-2.972,11.2072,0,1]},
{"frame":22,"values":[0.8926,0.1838,-0.4116,0,-0.2036,0.9791,-0.0042,0,0.4022,0.0876,0.9113,0,-2.972,11.2072,0,1]},
{"frame":23,"values":[0.8909,0.193,-0.4112,0,-0.2135,0.9769,-0.0041,0,0.4009,0.0914,0.9116,0,-2.972,11.2072,0,1]},
{"frame":24,"values":[0.8891,0.2021,-0.4107,0,-0.2234,0.9747,-0.004,0,0.3995,0.0953,0.9118,0,-2.972,11.2072,0,1]},
{"frame":25,"values":[0.8872,0.2112,-0.4102,0,-0.2333,0.9724,-0.0038,0,0.3981,0.0991,0.912,0,-2.972,11.2072,0,1]},
{"frame":26,"values":[0.8852,0.2204,-0.4098,0,-0.2432,0.97,-0.0037,0,0.3967,0.1029,0.9122,0,-2.972,11.2072,0,1]},
{"frame":27,"values":[0.8831,0.2294,-0.4093,0,-0.253,0.9675,-0.0035,0,0.3952,0.1067,0.9124,0,-2.972,11.2072,0,1]},
{"frame":28,"values":[0.8809,0.2385,-0.4089,0,-0.2628,0.9648,-0.0034,0,0.3937,0.1104,0.9126,0,-2.972,11.2072,0,1]},
{"frame":29,"values":[0.8786,0.2476,-0.4084,0,-0.2726,0.9621,-0.0032,0,0.3921,0.1142,0.9128,0,-2.972,11.2072,0,1]},
{"frame":30,"values":[0.8762,0.2566,-0.4079,0,-0.2824,0.9593,-0.0031,0,0.3905,0.1179,0.913,0,-2.972,11.2072,0,1]},
{"frame":31,"values":[0.8737,0.2656,-0.4075,0,-0.2921,0.9564,-0.003,0,0.3889,0.1216,0.9132,0,-2.972,11.2072,0,1]},
{"frame":32,"values":[0.8712,0.2746,-0.407,0,-0.3018,0.9534,-0.0028,0,0.3873,0.1253,0.9134,0,-2.972,11.2072,0,1]},
{"frame":33,"values":[0.8685,0.2835,-0.4066,0,-0.3115,0.9502,-0.0027,0,0.3856,0.129,0.9136,0,-2.972,11.2072,0,1]},
{"frame":34,"values":[0.8658,0.2925,-0.4061,0,-0.3211,0.947,-0.0025,0,0.3838,0.1326,0.9138,0,-2.972,11.2072,0,1]},
{"frame":35,"values":[0.8629,0.3014,-0.4056,0,-0.3307,0.9437,-0.0024,0,0.3821,0.1362,0.914,0,-2.972,11.2072,0,1]},
{"frame":36,"values":[0.86,0.3103,-0.4052,0,-0.3403,0.9403,-0.0023,0,0.3803,0.1398,0.9142,0,-2.972,11.2072,0,1]},
